997
997
987
987
979
971
964
961
952
947
942
927
919
917
915
914
914
912
906
894
889
888
887
885
877
876
872
869
867
863
859
856
854
853
850
842
839
835
835
829
823
822
818
817
807
801
794
789
780
778
778
766
763
759
753
748
743
727
727
720
720
718
707
705
702
695
692
688
687
683
682
676
669
667
656
654
652
650
647
642
640
630
619
613
602
595
591
573
568
563
552
545
543
541
525
525
525
518
501
493
486
483
480
476
474
474
471
469
465
457
453
453
453
450
444
443
439
438
437
426
422
421
420
416
401
400
388
384
379
372
364
364
359
358
356
349
345
344
336
312
312
310
305
305
302
300
299
297
288
283
281
281
280
246
245
243
240
238
235
232
223
220
208
193
192
175
174
173
172
172
169
157
144
142
142
139
137
132
126
121
113
100
88
83
75
75
74
54
47
44
37
34
31
29
28
18
16
16
6
1
